channel,wavenumber,correction_factor1,correction_factor2,
1,  673.302,    0.007,  0.99996,    1.4  
2,  678.847,    0.010,  0.99994,    1.4  
3,  690.212,    0.007,  0.99992,    1.4  
4,  705.094,    -0.003, 0.99995,    1.4  
5,  718.937,    0.014,  0.99991,    1.4  
6,  732.151,    0.019,  0.99990,    1.4  
7,  749.598,    0.032,  0.99988,    1.4     
8,  901.843,    0.077,  0.99975,    1.4   
9,  1027.454,   0.068,  0.99978,    1.4  
10, 795.851,    -0.001, 0.99994,    1.4  
11, 1358.329,   0.074,  0.99972,    1.4  
12, 1484.170,   0.288,  0.99927,    1.4  
13, 2190.040,   0.022,  0.99994,    1.4  
14, 2209.723,   0.018,  0.99995,    1.4  
15, 2239.324,   0.020,  0.99995,    1.4  
16, 2267.950,   0.015,  0.99993,    1.4  
17, 2416.539,   0.024,  0.99991,    1.4  
18, 2511.992,   0.045,  0.99990,    1.4  
19, 2664.326,   0.325,  0.99949,    1.4                                       
   
#source wavenumbers: https://nwp-saf.eumetsat.int/downloads/rtcoef_rttov13/ir_srf/rtcoef_noaa_11_hirs-shifted_srf.html
#source correction-factors: /scratch/uni/u237/sw/AAPP8/AAPP/data/calibration/coef/hirs/calcoef.dat
#source fov:  M.J.Burgdorf et al., 2020
