channel,wavenumber,correction_factor1,correction_factor2,
1,  671.853,    -0.010, 1.00002 
2,  676.128,    0.099,  0.99973
3,  692.808,    -0.018, 0.99996 
4,  704.433,    0.026,  0.99989 
5,  717.329,    -0.010, 0.99995 
6,  733.762,    -0.080, 1.00008 
7,  750.832,    -0.054, 1.00003
8,  897.882,    0.329,  0.99943 
9,  1019.033,   0.202,  0.99987
10, 1221.481,   0.469,  0.99995
11, 1360.538,   0.112,  0.99984
12, 1485.067,   0.571,  1.00028
13, 2182.312,   0.046,  1.00012
14, 2206.920,   0.059,  1.00028
15, 2239.954,   0.020,  0.99993
16, 2270.851,   0.032,  1.00009
17, 2357.166,   0.030,  1.00006
18, 2513.987,   0.025,  0.99968
19, 2652.774,   0.632,  1.00173                                       
   
#source wavenumbers: https://nwp-saf.eumetsat.int/downloads/rtcoef_rttov13/ir_srf/rtcoef_noaa_7_hirs-shifted_srf.html
#source correction-factors: /scratch/uni/u237/sw/AAPP8/AAPP/data/calibration/coef/hirs/calcoef.dat
