channel,wavenumber,correction_factor1,correction_factor2,fov,
1,  669.445,    0.007,  0.99996,    1.4  
2,  679.505,    0.007,  0.99995,    1.4  
3,  689.678,    0.019,  0.99989,    1.4  
4,  704.685,    0.026,  0.99988,    1.4  
5,  718.569,    0.021,  0.99990,    1.4  
6,  732.298,    0.140,  0.99964,    1.4  
7,  749.737,    0.058,  0.99982,    1.4      
8,  899.802,    0.358,  0.99940,    1.4  
9,  1026.308,   0.181,  0.99985,    1.4  
10, 1221.274,   0.377,  0.99975,    1.4  
11, 1361.559,   0.175,  0.99992,    1.4  
12, 1484.724,   0.265,  0.99863,    1.4  
13, 2188.447,   0.078,  1.00042,    1.4  
14, 2210.602,   0.017,  0.99995,    1.4  
15, 2238.495,   -0.023, 0.9995,     1.4  
16, 2267.691,   0.021,  0.99995,    1.4  
17, 2361.623,   0.022,  0.99997,    1.4  
18, 2514.667,   0.058,  0.99992,    1.4  
19, 2653.597,   0.344,  0.99950,    1.4                                       
   
#source wavenumbers: https://nwp-saf.eumetsat.int/downloads/rtcoef_rttov13/ir_srf/rtcoef_noaa_12_hirs-shifted_srf.html
#source correction-factors: /scratch/uni/u237/sw/AAPP8/AAPP/data/calibration/coef/hirs/calcoef.dat
#source fov:  M.J.Burgdorf et al., 2020
