channel,wavenumber,correction_factor1,correction_factor2,fov,
1,  672.358,    0.033,  0.99989,    1.4  
2,  677.148,    0.018,  0.99992,    1.4  
3,  691.497,    -0.006, 0.99994,    1.4  
4,  705.411,    -0.002, 0.99994,    1.4   
5,  718.300,    -0.064, 1.00007,    1.4  
6,  732.951,    0.065,  0.99980,    1.4   
7,  749.583,    0.073,  0.99979,    1.4      
8,  900.423,    0.218,  0.99957,    1.4   
9,  1024.873,   0.195,  0.99987,    1.4  
10, 1223.604,   0.327,  0.99965,    1.4  
11, 1359.348,   0.046,  0.99963,    1.4  
12, 1486.356,   0.645,  1.00064,    1.4  
13, 2189.652,   0.072,  1.00036,    1.4  
14, 2206.693,   0.079,  1.00045,    1.4  
15, 2239.516,   -0.026, 0.99947,    1.4  
16, 2268.188,   0.041,  1.00019,    1.4  
17, 2359.036,   0.040,  1.00019,    1.4  
18, 2512.991,   0.098,  1.00025,    1.4  
19, 2659.848,   0.462,  1.00067,    1.4                                        
   
#source wavenumbers: https://nwp-saf.eumetsat.int/downloads/rtcoef_rttov13/ir_srf/rtcoef_noaa_10_hirs-shifted_srf.html
#source correction-factors: /scratch/uni/u237/sw/AAPP8/AAPP/data/calibration/coef/hirs/calcoef.dat
#source fov:  M.J.Burgdorf et al., 2020
