channel,wavenumber,correction_factor1,correction_factor2,fov,
1,  668.655,    0.002,  0.99998,    1.4
2,  680.212,    -0.000, 0.99997,    1.4
3,  690.272,    0.011,  0.99994,    1.4
4,  705.645,    0.001,  0.99994,    1.4
5,  717.814,    -0.014, 0.99997,    1.4
6,  732.276,    0.026,  0.99989,    1.4
7,  750.895,    0.019,  0.99991,    1.4  
8,  899.338,    0.067,  0.99977,    1.4
9,  1028.302,   0.050,  0.99980,    1.4
10, 799.462,    0.021,  0.99990,    1.4
11, 1351.806,   0.073,  0.99971,    1.4
12, 1485.129,   0.284,  0.99931,    1.4
13, 2191.314,   0.021,  0.99996,    1.4
14, 2207.347,   0.020,  0.99997,    1.4
15, 2236.307,   0.024,  0.99998,    1.4
16, 2268.159,   0.018,  0.99996,    1.4
17, 2420.381,   0.026,  0.99992,    1.4
18, 2512.272,   0.042,  0.99993,    1.4
19, 2648.342,   0.313,  0.99946,    1.4                                     
   
#source wavenumbers: https://nwp-saf.eumetsat.int/downloads/rtcoef_rttov13/ir_srf/rtcoef_noaa_14_hirs-shifted_srf.html
#source correction-factors: /scratch/uni/u237/sw/AAPP8/AAPP/data/calibration/coef/hirs/calcoef.dat
#source fov:  M.J.Burgdorf et al., 2020
