channel,wavenumber,correction_factor1,correction_factor2,fov,
1,  668.187,    -0.00024757,    0.99999,    1.3
2,  681.701,    -0.00126480,    0.99997,    1.3
3,  690.917,    0.0147110,      0.99992,    1.3
4,  703.268,    0.1856600,      0.99992,    1.3
5,  716.454,    0.0195720,      0.99990,    1.3
6,  731.826,    0.0200490,      0.99991,    1.3
7,  748.480,    0.0273900,      0.99989,    1.3
8,  899.032,    0.0960780,      0.99966,    1.3
9,  1028.604,   0.0452790,      0.99987,    1.3
10, 804.519,    0.0165300,      0.99993,    1.3
11, 1366.183,   0.0725290,      0.99982,    1.3
12, 1527.467,   0.1106900,      0.99975,    1.3
13, 2185.583,   0.0214120,      0.99992,    1.3
14, 2210.980,   0.0203690,      0.99997,    1.3
15, 2232.989,   0.0215650,      0.99996,    1.3
16, 2240.376,   0.0203990,      0.99996,    1.3
17, 2416.909,   0.0386400,      0.99999,    1.3
18, 2519.105,   0.0527060,      0.99994,    1.3
19, 2657.548,   0.3159200,      0.99960,    1.3                                  
   
#source wavenumbers: https://nwp-saf.eumetsat.int/downloads/rtcoef_rttov13/ir_srf/rtcoef_noaa_17_hirs-shifted_srf.html
#source correction-factors: /scratch/uni/u237/sw/AAPP8/AAPP/data/calibration/coef/hirs/calcoef.dat
#source fov:  M.J.Burgdorf et al., 2020
