channel,wavenumber,correction_factor1,correction_factor2,
1,  671.665,    0.034,  0.99989 
2,  677.129,    0.024,  0.99991
3,  692.308,    0.092,  0.99975 
4,  703.932,    0.002,  0.99993 
5,  719.874,    0.013,  0.99991 
6,  732.916,    -0.023, 0.99997 
7,  749.156,    -0.006, 0.99995    
8,  899.760,    0.126,  0.99969 
9,  1024.856,   0.187,  0.99987
10, 1220.150,   0.569,  1.0001
11, 1362.539,   0.033,  0.99961
12, 1484.494,   0.353,  0.99911 
13, 2190.681,   -0.001, 0.9998
14, 2209.685,   0.007,  0.99984
15, 2242.884,   0.027,  1.00003
16, 2274.550,   0.099,  1.00038
17, 2359.854,   0.004,  0.99977
18, 2517.157,   0.084,  1.00012
19, 2663.482,   0.448,  1.0004                                       
   
#source wavenumbers: https://nwp-saf.eumetsat.int/downloads/rtcoef_rttov13/ir_srf/rtcoef_noaa_9_hirs-shifted_srf.html
#source correction-factors: /scratch/uni/u237/sw/AAPP8/AAPP/data/calibration/coef/hirs/calcoef.dat
