channel,wavenumber,correction_factor1,correction_factor2,
1,  667.577,    0.001128,   0.99999
2,  680.431,    0.008162,   0.99996
3,  689.058,    0.019228,   0.99991
4,  703.100,    0.017887,   0.99992
5,  713.970,    0.019409,   0.99991
6,  731.536,    0.019968,   0.99991
7,  749.648,    0.109210,   0.99973 
8,  899.486,    0.065734,   0.99977
9,  1028.808,   0.043472,   0.99986
10, 799.906,    0.016207,   0.99994
11, 1367.220,   0.071179,   0.99982
12, 1535.466,   0.110780,   0.99975
13, 2189.215,   0.017224,   0.99997
14, 2208.445,   0.018594,   0.99997
15, 2238.360,   0.019559,   0.99997 
16, 2246.653,   0.017640,   0.99997
17, 2419.165,   0.029872,   0.99995
18, 2515.416,   0.048696,   0.99993
19, 2666.141,   0.280120,   0.99962                                    
   
#source wavenumbers: https://nwp-saf.eumetsat.int/downloads/rtcoef_rttov13/ir_srf/rtcoef_noaa_18_hirs-shifted_srf.html
#source correction-factors: /scratch/uni/u237/sw/AAPP8/AAPP/data/calibration/coef/hirs/calcoef.dat
