channel,wavenumber,correction_factor1,correction_factor2,
1,  669.239,    -0.020343166,   1.0000410
2,  679.528,    -0.037903808,   1.0000601
3,  690.234,    0.046412162,    0.9998517 
4,  702.082,    -0.10939109,    1.0001678
5,  717.196,    -0.093730390,   1.0001240
6,  731.339,    0.046898678,    0.99985778 
7,  750.248,    -0.16370463,    1.0002537   
8,  897.397,    -0.45792717,    1.0003786
9,  1030.144,   -0.031440780,   0.99980080
10, 805.756,    -0.071182311,   1.0000648
11, 1369.417,   -0.065910578,   0.99942523
12, 1527.685,   0.018643104,    0.99923688
13, 2186.949,   -0.053380642,   0.99932522
14, 2206.479,   0.0003959746,   0.99979341
15, 2233.298,   0.043904714,    1.0001879
16, 2242.847,   0.042705547,    1.0001974
17, 2417.946,   -0.026972126,   0.99926430
18, 2517.833,   -0.014948003,   0.99946713
19, 2666.273,   0.22977877,     0.99900633E                                     
   
#source wavenumbers: https://nwp-saf.eumetsat.int/downloads/rtcoef_rttov13/ir_srf/rtcoef_noaa_16_hirs-shifted_srf.html
#source correction-factors: /scratch/uni/u237/sw/AAPP8/AAPP/data/calibration/coef/hirs/calcoef.dat
