channel,wavenumber,correction_factor1,correction_factor2,fov,
1,  668.777,    0.001311,   0.99999,    0.7
2,  680.951,    0.007803,   0.99996,    0.7
3,  688.429,    0.018599,   0.99991,    0.7
4,  702.645,    0.018578,   0.99992,    0.7
5,  715.684,    0.018657,   0.99992,    0.7
6,  733.394,    0.019877,   0.99991,    0.7
7,  749.220,    0.020736,   0.99991,    0.7
8,  898.990,    0.065019,   0.99977,    0.7
9,  1027.871,   0.038021,   0.99988,    0.7
10, 802.796,    0.016169,   0.99994,    0.7
11, 1360.199,   0.075651,   0.99981,    0.7
12, 1531.741,   0.104860,   0.99976,    0.7
13, 2185.018,   0.016756,   0.99997,    0.7
14, 2213.948,   0.017841,   0.99997,    0.7
15, 2232.654,   0.016995,   0.99997,    0.7
16, 2246.863,   0.017311,   0.99997,    0.7
17, 2420.808,   0.032879,   0.99995,    0.7
18, 2518.411,   0.045757,   0.99993,    0.7
19, 2661.920,   0.276520,   0.99962,    0.7                                  
   
#source wavenumbers: https://nwp-saf.eumetsat.int/downloads/rtcoef_rttov13/ir_srf/rtcoef_noaa_19_hirs-shifted_srf.html
#source correction-factors: /scratch/uni/u237/sw/AAPP8/AAPP/data/calibration/coef/hirs/calcoef.dat
#source fov:  M.J.Burgdorf et al., 2020
