channel,wavenumber,correction_factor1,correction_factor2,
1,   668.58     0.037,  0.99989                                        
2,   678.86    -0.027,  1.00003
3,   690.80     0.046,  0.99984
4,   703.48    -0.127,  1.00018
5,   716.04    -0.005,  0.99995
6,   732.09     0.038,  0.99985
7,   747.57    -0.236,  1.00038
8,   898.03    -0.201,  1.00008
9,  1028.44,    0.180,  0.99985
10, 1215.27    -0.242,  0.99872
11, 1363.18,    0.094,  0.99974
12, 1484.47,    0.413,  0.99958
13, 2190.93,    0.008,  0.99987
14, 2211.89,    0.018,  0.99995
15, 2239.53,    0.050,  1.00021
16, 2274.89,    0.090,  1.00030
17, 2359.98,    0.042,  1.00015
18, 2510.98,    0.082,  1.00002
19, 2667.06,    0.520,  1.00081

#source wavenumbers: /scratch/uni/u237/sw/AAPP8/AAPP/data/calibration/coef/hirs/calcoef.dat
#source correction-factors: /scratch/uni/u237/sw/AAPP8/AAPP/data/calibration/coef/hirs/calcoef.dat
